>> cross([1 2 2],[2 3 -4])

ans =

   -14     8    -1
