>> adjoint([3 0 0; -2 -3 4; 6 1 7])

ans =

  -25.0000    0.0000   -0.0000
   38.0000   21.0000  -12.0000
   16.0000   -3.0000   -9.0000
